[app/install/state]
version = 6.2.0
modtime = 1420926207.443762000

[nav/default]
version = 6.2.0
modtime = 1420997219.232627000
